-60.000000 0.003986
-59.000000 0.001363
-58.000000 0.006740
-57.000000 0.012707
-56.000000 0.016186
-55.000000 0.018559
-54.000000 0.022009
-53.000000 0.025472
-52.000000 0.029823
-51.000000 0.031072
-50.000000 0.029616
-49.000000 0.032167
-48.000000 0.031697
-47.000000 0.034827
-46.000000 0.033580
-45.000000 0.034486
-44.000000 0.036509
-43.000000 0.039183
-42.000000 0.041028
-41.000000 0.039944
-40.000000 0.037698
-39.000000 0.035798
-38.000000 0.035646
-37.000000 0.032400
-36.000000 0.030652
-35.000000 0.029786
-34.000000 0.030607
-33.000000 0.033605
-32.000000 0.033982
-31.000000 0.032109
-30.000000 0.032199
-29.000000 0.031471
-28.000000 0.030370
-27.000000 0.029683
-26.000000 0.030556
-25.000000 0.028962
-24.000000 0.032957
-23.000000 0.036344
-22.000000 0.036433
-21.000000 0.037528
-20.000000 0.039805
-19.000000 0.040114
-18.000000 0.039418
-17.000000 0.040785
-16.000000 0.040598
-15.000000 0.042942
-14.000000 0.044661
-13.000000 0.045322
-12.000000 0.046831
-11.000000 0.046057
-10.000000 0.045657
-9.000000 0.046353
-8.000000 0.046510
-7.000000 0.049714
-6.000000 0.051953
-5.000000 0.056157
-4.000000 0.059871
-3.000000 0.064814
-2.000000 0.068105
-1.000000 0.076456
0.000000 0.099644
1.000000 0.102288
2.000000 0.103372
3.000000 0.103384
4.000000 0.101308
5.000000 0.099457
6.000000 0.100631
7.000000 0.100089
8.000000 0.097170
9.000000 0.096516
10.000000 0.095357
11.000000 0.095808
12.000000 0.097707
13.000000 0.099197
14.000000 0.100193
15.000000 0.100321
16.000000 0.099807
17.000000 0.099292
18.000000 0.100995
19.000000 0.099696
20.000000 0.100991
21.000000 0.099946
22.000000 0.101469
23.000000 0.101132
24.000000 0.100942
25.000000 0.100466
26.000000 0.100132
27.000000 0.100039
28.000000 0.098695
29.000000 0.096164
30.000000 0.092006
31.000000 0.090338
32.000000 0.088694
33.000000 0.087883
34.000000 0.088352
35.000000 0.087964
36.000000 0.089706
37.000000 0.092123
38.000000 0.093926
39.000000 0.095693
40.000000 0.097795
41.000000 0.099604
42.000000 0.099528
43.000000 0.100793
44.000000 0.099630
45.000000 0.099342
46.000000 0.100471
47.000000 0.100844
48.000000 0.101724
49.000000 0.100404
50.000000 0.099164
51.000000 0.100025
52.000000 0.099217
53.000000 0.100520
54.000000 0.101723
55.000000 0.101139
56.000000 0.104230
57.000000 0.107593
58.000000 0.109982
59.000000 0.109247
